24
1073741824
0.710434 0.575416 0.842872
2.619066 0.003107 0.055743
0.028499 0.000408 0.020201
0.18
500
24
106528681
0.813604 0.609111 0.902000
2.636073 0.005747 0.075808
0.054739 0.002334 0.048315
0.14
500
24
16777216
0.807996 0.349887 0.898886
2.595394 0.002306 0.048017
0.013364 0.000099 0.009928
0.16
500
24
3697661
0.612793 0.421872 0.782811
2.641847 0.009273 0.096298
0.018983 0.000169 0.013014
0.10
500
24
1048576
0.370224 0.188673 0.608460
2.642056 0.011006 0.104908
0.025376 0.000515 0.022687
0.20
500
24
360974
0.275643 0.234314 0.525017
2.658401 0.005675 0.075334
0.029789 0.000448 0.021164
0.30
500
24
144715
0.183578 0.077324 0.428460
2.611683 0.001462 0.038242
0.029570 0.000724 0.026902
0.22
500
