[357053807, 279620300, 810878172, 619999194, 69256171, 406313603, 427654663, 1026825464, 728993717, 530883833, 192277133, 354860103, 762931252, 920304682, 329497594, 435863846, 831843024, 1056902660, 540511032, 415046618, 812060512, 749614733, 625808304, 663015563]
[83641362, 72345855, 40089652, 74935823, 66257075, 3549648, 89871025, 98223111, 62227639, 46434039, 92003290, 81918145, 103936846, 29500602, 33689348, 15477669, 96304217, 46621771, 96546054, 19031555, 104177906, 66938137, 50774708, 95785554]
[848225, 14782109, 14627898, 1371667, 10330153, 10099958, 10160604, 9845970, 7107908, 9556401, 14064466, 6047632, 9502899, 2955375, 2434765, 3815050, 9847873, 11967347, 2580877, 12687310, 14201593, 3308953, 7356034, 12148013]
[1948723, 3462267, 1442716, 825940, 419022, 1509187, 3490957, 3369358, 1919961, 1662629, 3380258, 2690643, 731904, 2525277, 2786543, 3253755, 3491497, 3271973, 2362586, 3260944, 2492484, 1174270, 237803, 437400]
[293812, 893941, 504423, 840520, 515922, 45454, 66080, 789256, 133874, 60280, 663549, 573603, 231525, 128972, 1006643, 244878, 893786, 255464, 841056, 597918, 78443, 940779, 338459, 400858]
[300379, 205005, 328745, 145333, 248885, 55372, 269779, 175297, 216573, 108781, 283392, 161230, 119267, 248994, 128958, 76172, 250376, 220791, 49702, 73116, 27108, 79734, 216419, 295591]
[71447, 23327, 87332, 113158, 141194, 94250, 3808, 93465, 734, 7338, 23354, 49417, 4018, 9223, 108464, 133584, 86799, 43856, 24594, 118136, 134302, 57801, 126077, 101340]


1073741824
106528681
16777216
3697661
1048576
360974
144715
